### set matrices of reflections of E7 explicitly in gap format
### we suppose that reflections act on the right
### in the end of file we convert them into permutations

w1:=[[-1,0,1,0,0,0,0,],[0,1,0,0,0,0,0,],[0,0,1,0,0,0,0,],[0,0,0,1,0,0,0,],[0,0,0,0,1,0,0,],[0,0,0,0,0,1,0,],[0,0,0,0,0,0,1]];
w2:=[[1,0,0,0,0,0,0],[0,-1,0,1,0,0,0],[0,0,1,0,0,0,0],[0,0,0,1,0,0,0],[0,0,0,0,1,0,0],[0,0,0,0,0,1,0],[0,0,0,0,0,0,1]];
w3:=[[1,0,0,0,0,0,0],[0,1,0,0,0,0,0],[1,0,-1,1,0,0,0],[0,0,0,1,0,0,0],[0,0,0,0,1,0,0],[0,0,0,0,0,1,0],[0,0,0,0,0,0,1]];
w4:=[[1,0,0,0,0,0,0],[0,1,0,0,0,0,0],[0,0,1,0,0,0,0],[0,1,1,-1,1,0,0],[0,0,0,0,1,0,0],[0,0,0,0,0,1,0],[0,0,0,0,0,0,1]];
w5:=[[1,0,0,0,0,0,0],[0,1,0,0,0,0,0],[0,0,1,0,0,0,0],[0,0,0,1,0,0,0],[0,0,0,1,-1,1,0],[0,0,0,0,0,1,0],[0,0,0,0,0,0,1]];
w6:=[[1,0,0,0,0,0,0],[0,1,0,0,0,0,0],[0,0,1,0,0,0,0],[0,0,0,1,0,0,0],[0,0,0,0,1,0,0],[0,0,0,0,1,-1,1],[0,0,0,0,0,0,1]];
w7:=[[1,0,0,0,0,0,0],[0,1,0,0,0,0,0],[0,0,1,0,0,0,0],[0,0,0,1,0,0,0],[0,0,0,0,1,0,0],[0,0,0,0,0,1,0],[0,0,0,0,0,1,-1]];
w8:=[[0,0,-1,1,0,0,0],[0,1,0,0,0,0,0],[-1,0,0,1,0,0,0],[0,0,0,1,0,0,0],[0,0,0,0,1,0,0],[0,0,0,0,0,1,0],[0,0,0,0,0,0,1]];
w9:=[[1,0,0,0,0,0,0],[0,0,1,-1,1,0,0],[0,0,1,0,0,0,0],[0,-1,1,0,1,0,0],[0,0,0,0,1,0,0],[0,0,0,0,0,1,0],[0,0,0,0,0,0,1]];
w10:=[[1,0,0,0,0,0,0],[0,1,0,0,0,0,0],[1,1,0,-1,1,0,0],[1,1,-1,0,1,0,0],[0,0,0,0,1,0,0],[0,0,0,0,0,1,0],[0,0,0,0,0,0,1]];
w11:=[[1,0,0,0,0,0,0],[0,1,0,0,0,0,0],[0,0,1,0,0,0,0],[0,1,1,0,-1,1,0],[0,1,1,-1,0,1,0],[0,0,0,0,0,1,0],[0,0,0,0,0,0,1]];
w12:=[[1,0,0,0,0,0,0],[0,1,0,0,0,0,0],[0,0,1,0,0,0,0],[0,0,0,1,0,0,0],[0,0,0,1,0,-1,1],[0,0,0,1,-1,0,1],[0,0,0,0,0,0,1]];
w13:=[[1,0,0,0,0,0,0],[0,1,0,0,0,0,0],[0,0,1,0,0,0,0],[0,0,0,1,0,0,0],[0,0,0,0,1,0,0],[0,0,0,0,1,0,-1],[0,0,0,0,1,-1,0]];
w14:=[[0,1,0,-1,1,0,0],[0,1,0,0,0,0,0],[-1,1,1,-1,1,0,0],[-1,1,0,0,1,0,0],[0,0,0,0,1,0,0],[0,0,0,0,0,1,0],[0,0,0,0,0,0,1]];
w15:=[[1,0,0,0,0,0,0],[1,0,-1,0,1,0,0],[1,-1,0,0,1,0,0],[1,-1,-1,1,1,0,0],[0,0,0,0,1,0,0],[0,0,0,0,0,1,0],[0,0,0,0,0,0,1]];
w16:=[[1,0,0,0,0,0,0],[0,0,1,0,-1,1,0],[0,0,1,0,0,0,0],[0,-1,1,1,-1,1,0],[0,-1,1,0,0,1,0],[0,0,0,0,0,1,0],[0,0,0,0,0,0,1]];
w17:=[[1,0,0,0,0,0,0],[0,1,0,0,0,0,0],[1,1,0,0,-1,1,0],[1,1,-1,1,-1,1,0],[1,1,-1,0,0,1,0],[0,0,0,0,0,1,0],[0,0,0,0,0,0,1]];
w18:=[[1,0,0,0,0,0,0],[0,1,0,0,0,0,0],[0,0,1,0,0,0,0],[0,1,1,0,0,-1,1],[0,1,1,-1,1,-1,1],[0,1,1,-1,0,0,1],[0,0,0,0,0,0,1]];
w19:=[[1,0,0,0,0,0,0],[0,1,0,0,0,0,0],[0,0,1,0,0,0,0],[0,0,0,1,0,0,0],[0,0,0,1,0,0,-1],[0,0,0,1,-1,1,-1],[0,0,0,1,-1,0,0]];
w20:=[[0,-1,0,0,1,0,0],[-1,0,0,0,1,0,0],[-1,-1,1,0,1,0,0],[-1,-1,0,1,1,0,0],[0,0,0,0,1,0,0],[0,0,0,0,0,1,0],[0,0,0,0,0,0,1]];
w21:=[[0,1,0,0,-1,1,0],[0,1,0,0,0,0,0],[-1,1,1,0,-1,1,0],[-1,1,0,1,-1,1,0],[-1,1,0,0,0,1,0],[0,0,0,0,0,1,0],[0,0,0,0,0,0,1]];
w22:=[[1,0,0,0,0,0,0],[1,0,-1,1,-1,1,0],[1,-1,0,1,-1,1,0],[1,-1,-1,2,-1,1,0],[1,-1,-1,1,0,1,0],[0,0,0,0,0,1,0],[0,0,0,0,0,0,1]];
w23:=[[1,0,0,0,0,0,0],[0,0,1,0,0,-1,1],[0,0,1,0,0,0,0],[0,-1,1,1,0,-1,1],[0,-1,1,0,1,-1,1],[0,-1,1,0,0,0,1],[0,0,0,0,0,0,1]];
w24:=[[1,0,0,0,0,0,0],[0,1,0,0,0,0,0],[1,1,0,0,0,-1,1],[1,1,-1,1,0,-1,1],[1,1,-1,0,1,-1,1],[1,1,-1,0,0,0,1],[0,0,0,0,0,0,1]];
w25:=[[1,0,0,0,0,0,0],[0,1,0,0,0,0,0],[0,0,1,0,0,0,0],[0,1,1,0,0,0,-1],[0,1,1,-1,1,0,-1],[0,1,1,-1,0,1,-1],[0,1,1,-1,0,0,0]];
w26:=[[0,-1,0,1,-1,1,0],[-1,0,0,1,-1,1,0],[-1,-1,1,1,-1,1,0],[-1,-1,0,2,-1,1,0],[-1,-1,0,1,0,1,0],[0,0,0,0,0,1,0],[0,0,0,0,0,0,1]];
w27:=[[0,1,0,0,0,-1,1],[0,1,0,0,0,0,0],[-1,1,1,0,0,-1,1],[-1,1,0,1,0,-1,1],[-1,1,0,0,1,-1,1],[-1,1,0,0,0,0,1],[0,0,0,0,0,0,1]];
w28:=[[1,0,0,0,0,0,0],[1,1,0,-1,0,1,0],[1,0,1,-1,0,1,0],[2,0,0,-1,0,2,0],[1,0,0,-1,1,1,0],[0,0,0,0,0,1,0],[0,0,0,0,0,0,1]];
w29:=[[1,0,0,0,0,0,0],[1,0,-1,1,0,-1,1],[1,-1,0,1,0,-1,1],[1,-1,-1,2,0,-1,1],[1,-1,-1,1,1,-1,1],[1,-1,-1,1,0,0,1],[0,0,0,0,0,0,1]];
w30:=[[1,0,0,0,0,0,0],[0,0,1,0,0,0,-1],[0,0,1,0,0,0,0],[0,-1,1,1,0,0,-1],[0,-1,1,0,1,0,-1],[0,-1,1,0,0,1,-1],[0,-1,1,0,0,0,0]];
w31:=[[1,0,0,0,0,0,0],[0,1,0,0,0,0,0],[1,1,0,0,0,0,-1],[1,1,-1,1,0,0,-1],[1,1,-1,0,1,0,-1],[1,1,-1,0,0,1,-1],[1,1,-1,0,0,0,0]];
w32:=[[0,0,1,-1,0,1,0],[-1,1,1,-1,0,1,0],[-1,0,2,-1,0,1,0],[-2,0,2,-1,0,2,0],[-1,0,1,-1,1,1,0],[0,0,0,0,0,1,0],[0,0,0,0,0,0,1]];
w33:=[[0,-1,0,1,0,-1,1],[-1,0,0,1,0,-1,1],[-1,-1,1,1,0,-1,1],[-1,-1,0,2,0,-1,1],[-1,-1,0,1,1,-1,1],[-1,-1,0,1,0,0,1],[0,0,0,0,0,0,1]];
w34:=[[0,1,0,0,0,0,-1],[0,1,0,0,0,0,0],[-1,1,1,0,0,0,-1],[-1,1,0,1,0,0,-1],[-1,1,0,0,1,0,-1],[-1,1,0,0,0,1,-1],[-1,1,0,0,0,0,0]];
w35:=[[1,0,0,0,0,0,0],[1,1,0,-1,1,-1,1],[1,0,1,-1,1,-1,1],[2,0,0,-1,2,-2,2],[1,0,0,-1,2,-1,1],[1,0,0,-1,1,0,1],[0,0,0,0,0,0,1]];
w36:=[[1,0,0,0,0,0,0],[1,0,-1,1,0,0,-1],[1,-1,0,1,0,0,-1],[1,-1,-1,2,0,0,-1],[1,-1,-1,1,1,0,-1],[1,-1,-1,1,0,1,-1],[1,-1,-1,1,0,0,0]];
w37:=[[1,0,-1,0,0,1,0],[0,1,-1,0,0,1,0],[0,0,-1,0,0,2,0],[0,0,-2,1,0,2,0],[0,0,-1,0,1,1,0],[0,0,0,0,0,1,0],[0,0,0,0,0,0,1]];
w38:=[[0,0,1,-1,1,-1,1],[-1,1,1,-1,1,-1,1],[-1,0,2,-1,1,-1,1],[-2,0,2,-1,2,-2,2],[-1,0,1,-1,2,-1,1],[-1,0,1,-1,1,0,1],[0,0,0,0,0,0,1]];
w39:=[[0,-1,0,1,0,0,-1],[-1,0,0,1,0,0,-1],[-1,-1,1,1,0,0,-1],[-1,-1,0,2,0,0,-1],[-1,-1,0,1,1,0,-1],[-1,-1,0,1,0,1,-1],[-1,-1,0,1,0,0,0]];
w40:=[[1,0,0,0,0,0,0],[1,1,0,0,-1,0,1],[1,0,1,0,-1,0,1],[2,0,0,1,-2,0,2],[2,0,0,0,-1,0,2],[1,0,0,0,-1,1,1],[0,0,0,0,0,0,1]];
w41:=[[1,0,0,0,0,0,0],[1,1,0,-1,1,0,-1],[1,0,1,-1,1,0,-1],[2,0,0,-1,2,0,-2],[1,0,0,-1,2,0,-1],[1,0,0,-1,1,1,-1],[1,0,0,-1,1,0,0]];
w42:=[[1,0,-1,0,1,-1,1],[0,1,-1,0,1,-1,1],[0,0,-1,0,2,-2,2],[0,0,-2,1,2,-2,2],[0,0,-1,0,2,-1,1],[0,0,-1,0,1,0,1],[0,0,0,0,0,0,1]];
w43:=[[0,0,1,0,-1,0,1],[-1,1,1,0,-1,0,1],[-1,0,2,0,-1,0,1],[-2,0,2,1,-2,0,2],[-2,0,2,0,-1,0,2],[-1,0,1,0,-1,1,1],[0,0,0,0,0,0,1]];
w44:=[[0,0,1,-1,1,0,-1],[-1,1,1,-1,1,0,-1],[-1,0,2,-1,1,0,-1],[-2,0,2,-1,2,0,-2],[-1,0,1,-1,2,0,-1],[-1,0,1,-1,1,1,-1],[-1,0,1,-1,1,0,0]];
w45:=[[1,0,0,0,0,0,0],[1,1,0,0,-1,1,-1],[1,0,1,0,-1,1,-1],[2,0,0,1,-2,2,-2],[2,0,0,0,-1,2,-2],[1,0,0,0,-1,2,-1],[1,0,0,0,-1,1,0]];
w46:=[[1,0,-1,1,-1,0,1],[0,1,-1,1,-1,0,1],[0,0,-1,2,-2,0,2],[0,0,-2,3,-2,0,2],[0,0,-2,2,-1,0,2],[0,0,-1,1,-1,1,1],[0,0,0,0,0,0,1]];
w47:=[[1,0,-1,0,1,0,-1],[0,1,-1,0,1,0,-1],[0,0,-1,0,2,0,-2],[0,0,-2,1,2,0,-2],[0,0,-1,0,2,0,-1],[0,0,-1,0,1,1,-1],[0,0,-1,0,1,0,0]];
w48:=[[0,0,1,0,-1,1,-1],[-1,1,1,0,-1,1,-1],[-1,0,2,0,-1,1,-1],[-2,0,2,1,-2,2,-2],[-2,0,2,0,-1,2,-2],[-1,0,1,0,-1,2,-1],[-1,0,1,0,-1,1,0]];
w49:=[[1,0,0,0,0,0,0],[1,1,0,0,0,-1,0],[1,0,1,0,0,-1,0],[2,0,0,1,0,-2,0],[2,0,0,0,1,-2,0],[2,0,0,0,0,-1,0],[1,0,0,0,0,-1,1]];
w50:=[[1,1,0,-1,0,0,1],[0,2,0,-1,0,0,1],[0,2,1,-2,0,0,2],[0,3,0,-2,0,0,3],[0,2,0,-2,1,0,2],[0,1,0,-1,0,1,1],[0,0,0,0,0,0,1]];
w51:=[[1,0,-1,1,-1,1,-1],[0,1,-1,1,-1,1,-1],[0,0,-1,2,-2,2,-2],[0,0,-2,3,-2,2,-2],[0,0,-2,2,-1,2,-2],[0,0,-1,1,-1,2,-1],[0,0,-1,1,-1,1,0]];
w52:=[[0,0,1,0,0,-1,0],[-1,1,1,0,0,-1,0],[-1,0,2,0,0,-1,0],[-2,0,2,1,0,-2,0],[-2,0,2,0,1,-2,0],[-2,0,2,0,0,-1,0],[-1,0,1,0,0,-1,1]];
w53:=[[1,-1,0,0,0,0,1],[0,-1,0,0,0,0,2],[0,-2,1,0,0,0,2],[0,-3,0,1,0,0,3],[0,-2,0,0,1,0,2],[0,-1,0,0,0,1,1],[0,0,0,0,0,0,1]];
w54:=[[1,1,0,-1,0,1,-1],[0,2,0,-1,0,1,-1],[0,2,1,-2,0,2,-2],[0,3,0,-2,0,3,-3],[0,2,0,-2,1,2,-2],[0,1,0,-1,0,2,-1],[0,1,0,-1,0,1,0]];
w55:=[[1,0,-1,1,0,-1,0],[0,1,-1,1,0,-1,0],[0,0,-1,2,0,-2,0],[0,0,-2,3,0,-2,0],[0,0,-2,2,1,-2,0],[0,0,-2,2,0,-1,0],[0,0,-1,1,0,-1,1]];
w56:=[[1,-1,0,0,0,1,-1],[0,-1,0,0,0,2,-2],[0,-2,1,0,0,2,-2],[0,-3,0,1,0,3,-3],[0,-2,0,0,1,2,-2],[0,-1,0,0,0,2,-1],[0,-1,0,0,0,1,0]];
w57:=[[1,1,0,-1,1,-1,0],[0,2,0,-1,1,-1,0],[0,2,1,-2,2,-2,0],[0,3,0,-2,3,-3,0],[0,2,0,-2,3,-2,0],[0,2,0,-2,2,-1,0],[0,1,0,-1,1,-1,1]];
w58:=[[1,-1,0,0,1,-1,0],[0,-1,0,0,2,-2,0],[0,-2,1,0,2,-2,0],[0,-3,0,1,3,-3,0],[0,-2,0,0,3,-2,0],[0,-2,0,0,2,-1,0],[0,-1,0,0,1,-1,1]];
w59:=[[1,1,0,0,-1,0,0],[0,2,0,0,-1,0,0],[0,2,1,0,-2,0,0],[0,3,0,1,-3,0,0],[0,3,0,0,-2,0,0],[0,2,0,0,-2,1,0],[0,1,0,0,-1,0,1]];
w60:=[[1,-1,0,1,-1,0,0],[0,-1,0,2,-2,0,0],[0,-2,1,2,-2,0,0],[0,-3,0,4,-3,0,0],[0,-3,0,3,-2,0,0],[0,-2,0,2,-2,1,0],[0,-1,0,1,-1,0,1]];
w61:=[[1,0,1,-1,0,0,0],[0,1,2,-2,0,0,0],[0,0,3,-2,0,0,0],[0,0,4,-3,0,0,0],[0,0,3,-3,1,0,0],[0,0,2,-2,0,1,0],[0,0,1,-1,0,0,1]];
w62:=[[2,0,-1,0,0,0,0],[2,1,-2,0,0,0,0],[3,0,-2,0,0,0,0],[4,0,-4,1,0,0,0],[3,0,-3,0,1,0,0],[2,0,-2,0,0,1,0],[1,0,-1,0,0,0,1]];
w63:=[[-1,0,0,0,0,0,0],[-2,1,0,0,0,0,0],[-3,0,1,0,0,0,0],[-4,0,0,1,0,0,0],[-3,0,0,0,1,0,0],[-2,0,0,0,0,1,0],[-1,0,0,0,0,0,1]];

w:=[w1,w2,w3,w4,w5,w6,w7,w8,w9,w10,w11,w12,w13,w14,w15,w16,w17,w18,w19,w20,w21,w22,w23,w24,w25,w26,w27,w28,w29,w30,w31,w32,w33,w34,w35,w36,w37,w38,w39,w40,w41,w42,w43,w44,w45,w46,w47,w48,w49,w50,w51,w52,w53,
w54,w55,w56,w57,w58,w59,w60,w61,w62,w63];
Sw:=w;
W:=Group(w1,w2,w3,w4,w5,w6,w7);

### skip futher commands if you want to work with matrices
### 

iso:=IsomorphismPermGroup(W);;
W:=Image(iso, W);;
v:=[];;
for i in w do
    Add(v, i^iso);;
od;
w:=[];;
for i in v do
    Add(w, i);;
od;
