### Here we list matrices of reflections of type E8 in gap format;
### we suppose that reflections act on vectors on the right;
### in the end of file we convert them into permutations

w1:=[[-1,0,1,0,0,0,0,0],[0,1,0,0,0,0,0,0],[0,0,1,0,0,0,0,0],[0,0,0,1,0,0,0,0],[0,0,0,0,1,0,0,0],[0,0,0,0,0,1,0,0],[0,0,0,0,0,0,1,0],[0,0,0,0,0,0,0,1]];
w2:=[[1,0,0,0,0,0,0,0],[0,-1,0,1,0,0,0,0],[0,0,1,0,0,0,0,0],[0,0,0,1,0,0,0,0],[0,0,0,0,1,0,0,0],[0,0,0,0,0,1,0,0],[0,0,0,0,0,0,1,0],[0,0,0,0,0,0,0,1]];
w3:=[[1,0,0,0,0,0,0,0],[0,1,0,0,0,0,0,0],[1,0,-1,1,0,0,0,0],[0,0,0,1,0,0,0,0],[0,0,0,0,1,0,0,0],[0,0,0,0,0,1,0,0],[0,0,0,0,0,0,1,0],[0,0,0,0,0,0,0,1]];
w4:=[[1,0,0,0,0,0,0,0],[0,1,0,0,0,0,0,0],[0,0,1,0,0,0,0,0],[0,1,1,-1,1,0,0,0],[0,0,0,0,1,0,0,0],[0,0,0,0,0,1,0,0],[0,0,0,0,0,0,1,0],[0,0,0,0,0,0,0,1]];
w5:=[[1,0,0,0,0,0,0,0],[0,1,0,0,0,0,0,0],[0,0,1,0,0,0,0,0],[0,0,0,1,0,0,0,0],[0,0,0,1,-1,1,0,0],[0,0,0,0,0,1,0,0],[0,0,0,0,0,0,1,0],[0,0,0,0,0,0,0,1]];
w6:=[[1,0,0,0,0,0,0,0],[0,1,0,0,0,0,0,0],[0,0,1,0,0,0,0,0],[0,0,0,1,0,0,0,0],[0,0,0,0,1,0,0,0],[0,0,0,0,1,-1,1,0],[0,0,0,0,0,0,1,0],[0,0,0,0,0,0,0,1]];
w7:=[[1,0,0,0,0,0,0,0],[0,1,0,0,0,0,0,0],[0,0,1,0,0,0,0,0],[0,0,0,1,0,0,0,0],[0,0,0,0,1,0,0,0],[0,0,0,0,0,1,0,0],[0,0,0,0,0,1,-1,1],[0,0,0,0,0,0,0,1]];
w8:=[[1,0,0,0,0,0,0,0],[0,1,0,0,0,0,0,0],[0,0,1,0,0,0,0,0],[0,0,0,1,0,0,0,0],[0,0,0,0,1,0,0,0],[0,0,0,0,0,1,0,0],[0,0,0,0,0,0,1,0],[0,0,0,0,0,0,1,-1]];
w9:=[[0,0,-1,1,0,0,0,0],[0,1,0,0,0,0,0,0],[-1,0,0,1,0,0,0,0],[0,0,0,1,0,0,0,0],[0,0,0,0,1,0,0,0],[0,0,0,0,0,1,0,0],[0,0,0,0,0,0,1,0],[0,0,0,0,0,0,0,1]];
w10:=[[1,0,0,0,0,0,0,0],[0,0,1,-1,1,0,0,0],[0,0,1,0,0,0,0,0],[0,-1,1,0,1,0,0,0],[0,0,0,0,1,0,0,0],[0,0,0,0,0,1,0,0],[0,0,0,0,0,0,1,0],[0,0,0,0,0,0,0,1]];
w11:=[[1,0,0,0,0,0,0,0],[0,1,0,0,0,0,0,0],[1,1,0,-1,1,0,0,0],[1,1,-1,0,1,0,0,0],[0,0,0,0,1,0,0,0],[0,0,0,0,0,1,0,0],[0,0,0,0,0,0,1,0],[0,0,0,0,0,0,0,1]];
w12:=[[1,0,0,0,0,0,0,0],[0,1,0,0,0,0,0,0],[0,0,1,0,0,0,0,0],[0,1,1,0,-1,1,0,0],[0,1,1,-1,0,1,0,0],[0,0,0,0,0,1,0,0],[0,0,0,0,0,0,1,0],[0,0,0,0,0,0,0,1]];
w13:=[[1,0,0,0,0,0,0,0],[0,1,0,0,0,0,0,0],[0,0,1,0,0,0,0,0],[0,0,0,1,0,0,0,0],[0,0,0,1,0,-1,1,0],[0,0,0,1,-1,0,1,0],[0,0,0,0,0,0,1,0],[0,0,0,0,0,0,0,1]];
w14:=[[1,0,0,0,0,0,0,0],[0,1,0,0,0,0,0,0],[0,0,1,0,0,0,0,0],[0,0,0,1,0,0,0,0],[0,0,0,0,1,0,0,0],[0,0,0,0,1,0,-1,1],[0,0,0,0,1,-1,0,1],[0,0,0,0,0,0,0,1]];
w15:=[[1,0,0,0,0,0,0,0],[0,1,0,0,0,0,0,0],[0,0,1,0,0,0,0,0],[0,0,0,1,0,0,0,0],[0,0,0,0,1,0,0,0],[0,0,0,0,0,1,0,0],[0,0,0,0,0,1,0,-1],[0,0,0,0,0,1,-1,0]];
w16:=[[0,1,0,-1,1,0,0,0],[0,1,0,0,0,0,0,0],[-1,1,1,-1,1,0,0,0],[-1,1,0,0,1,0,0,0],[0,0,0,0,1,0,0,0],[0,0,0,0,0,1,0,0],[0,0,0,0,0,0,1,0],[0,0,0,0,0,0,0,1]];
w17:=[[1,0,0,0,0,0,0,0],[1,0,-1,0,1,0,0,0],[1,-1,0,0,1,0,0,0],[1,-1,-1,1,1,0,0,0],[0,0,0,0,1,0,0,0],[0,0,0,0,0,1,0,0],[0,0,0,0,0,0,1,0],[0,0,0,0,0,0,0,1]];
w18:=[[1,0,0,0,0,0,0,0],[0,0,1,0,-1,1,0,0],[0,0,1,0,0,0,0,0],[0,-1,1,1,-1,1,0,0],[0,-1,1,0,0,1,0,0],[0,0,0,0,0,1,0,0],[0,0,0,0,0,0,1,0],[0,0,0,0,0,0,0,1]];
w19:=[[1,0,0,0,0,0,0,0],[0,1,0,0,0,0,0,0],[1,1,0,0,-1,1,0,0],[1,1,-1,1,-1,1,0,0],[1,1,-1,0,0,1,0,0],[0,0,0,0,0,1,0,0],[0,0,0,0,0,0,1,0],[0,0,0,0,0,0,0,1]];
w20:=[[1,0,0,0,0,0,0,0],[0,1,0,0,0,0,0,0],[0,0,1,0,0,0,0,0],[0,1,1,0,0,-1,1,0],[0,1,1,-1,1,-1,1,0],[0,1,1,-1,0,0,1,0],[0,0,0,0,0,0,1,0],[0,0,0,0,0,0,0,1]];
w21:=[[1,0,0,0,0,0,0,0],[0,1,0,0,0,0,0,0],[0,0,1,0,0,0,0,0],[0,0,0,1,0,0,0,0],[0,0,0,1,0,0,-1,1],[0,0,0,1,-1,1,-1,1],[0,0,0,1,-1,0,0,1],[0,0,0,0,0,0,0,1]];
w22:=[[1,0,0,0,0,0,0,0],[0,1,0,0,0,0,0,0],[0,0,1,0,0,0,0,0],[0,0,0,1,0,0,0,0],[0,0,0,0,1,0,0,0],[0,0,0,0,1,0,0,-1],[0,0,0,0,1,-1,1,-1],[0,0,0,0,1,-1,0,0]];
w23:=[[0,-1,0,0,1,0,0,0],[-1,0,0,0,1,0,0,0],[-1,-1,1,0,1,0,0,0],[-1,-1,0,1,1,0,0,0],[0,0,0,0,1,0,0,0],[0,0,0,0,0,1,0,0],[0,0,0,0,0,0,1,0],[0,0,0,0,0,0,0,1]];
w24:=[[0,1,0,0,-1,1,0,0],[0,1,0,0,0,0,0,0],[-1,1,1,0,-1,1,0,0],[-1,1,0,1,-1,1,0,0],[-1,1,0,0,0,1,0,0],[0,0,0,0,0,1,0,0],[0,0,0,0,0,0,1,0],[0,0,0,0,0,0,0,1]];
w25:=[[1,0,0,0,0,0,0,0],[1,0,-1,1,-1,1,0,0],[1,-1,0,1,-1,1,0,0],[1,-1,-1,2,-1,1,0,0],[1,-1,-1,1,0,1,0,0],[0,0,0,0,0,1,0,0],[0,0,0,0,0,0,1,0],[0,0,0,0,0,0,0,1]];
w26:=[[1,0,0,0,0,0,0,0],[0,0,1,0,0,-1,1,0],[0,0,1,0,0,0,0,0],[0,-1,1,1,0,-1,1,0],[0,-1,1,0,1,-1,1,0],[0,-1,1,0,0,0,1,0],[0,0,0,0,0,0,1,0],[0,0,0,0,0,0,0,1]];
w27:=[[1,0,0,0,0,0,0,0],[0,1,0,0,0,0,0,0],[1,1,0,0,0,-1,1,0],[1,1,-1,1,0,-1,1,0],[1,1,-1,0,1,-1,1,0],[1,1,-1,0,0,0,1,0],[0,0,0,0,0,0,1,0],[0,0,0,0,0,0,0,1]];
w28:=[[1,0,0,0,0,0,0,0],[0,1,0,0,0,0,0,0],[0,0,1,0,0,0,0,0],[0,1,1,0,0,0,-1,1],[0,1,1,-1,1,0,-1,1],[0,1,1,-1,0,1,-1,1],[0,1,1,-1,0,0,0,1],[0,0,0,0,0,0,0,1]];
w29:=[[1,0,0,0,0,0,0,0],[0,1,0,0,0,0,0,0],[0,0,1,0,0,0,0,0],[0,0,0,1,0,0,0,0],[0,0,0,1,0,0,0,-1],[0,0,0,1,-1,1,0,-1],[0,0,0,1,-1,0,1,-1],[0,0,0,1,-1,0,0,0]];
w30:=[[0,-1,0,1,-1,1,0,0],[-1,0,0,1,-1,1,0,0],[-1,-1,1,1,-1,1,0,0],[-1,-1,0,2,-1,1,0,0],[-1,-1,0,1,0,1,0,0],[0,0,0,0,0,1,0,0],[0,0,0,0,0,0,1,0],[0,0,0,0,0,0,0,1]];
w31:=[[0,1,0,0,0,-1,1,0],[0,1,0,0,0,0,0,0],[-1,1,1,0,0,-1,1,0],[-1,1,0,1,0,-1,1,0],[-1,1,0,0,1,-1,1,0],[-1,1,0,0,0,0,1,0],[0,0,0,0,0,0,1,0],[0,0,0,0,0,0,0,1]];
w32:=[[1,0,0,0,0,0,0,0],[1,1,0,-1,0,1,0,0],[1,0,1,-1,0,1,0,0],[2,0,0,-1,0,2,0,0],[1,0,0,-1,1,1,0,0],[0,0,0,0,0,1,0,0],[0,0,0,0,0,0,1,0],[0,0,0,0,0,0,0,1]];
w33:=[[1,0,0,0,0,0,0,0],[1,0,-1,1,0,-1,1,0],[1,-1,0,1,0,-1,1,0],[1,-1,-1,2,0,-1,1,0],[1,-1,-1,1,1,-1,1,0],[1,-1,-1,1,0,0,1,0],[0,0,0,0,0,0,1,0],[0,0,0,0,0,0,0,1]];
w34:=[[1,0,0,0,0,0,0,0],[0,0,1,0,0,0,-1,1],[0,0,1,0,0,0,0,0],[0,-1,1,1,0,0,-1,1],[0,-1,1,0,1,0,-1,1],[0,-1,1,0,0,1,-1,1],[0,-1,1,0,0,0,0,1],[0,0,0,0,0,0,0,1]];
w35:=[[1,0,0,0,0,0,0,0],[0,1,0,0,0,0,0,0],[1,1,0,0,0,0,-1,1],[1,1,-1,1,0,0,-1,1],[1,1,-1,0,1,0,-1,1],[1,1,-1,0,0,1,-1,1],[1,1,-1,0,0,0,0,1],[0,0,0,0,0,0,0,1]];
w36:=[[1,0,0,0,0,0,0,0],[0,1,0,0,0,0,0,0],[0,0,1,0,0,0,0,0],[0,1,1,0,0,0,0,-1],[0,1,1,-1,1,0,0,-1],[0,1,1,-1,0,1,0,-1],[0,1,1,-1,0,0,1,-1],[0,1,1,-1,0,0,0,0]];
w37:=[[0,0,1,-1,0,1,0,0],[-1,1,1,-1,0,1,0,0],[-1,0,2,-1,0,1,0,0],[-2,0,2,-1,0,2,0,0],[-1,0,1,-1,1,1,0,0],[0,0,0,0,0,1,0,0],[0,0,0,0,0,0,1,0],[0,0,0,0,0,0,0,1]];
w38:=[[0,-1,0,1,0,-1,1,0],[-1,0,0,1,0,-1,1,0],[-1,-1,1,1,0,-1,1,0],[-1,-1,0,2,0,-1,1,0],[-1,-1,0,1,1,-1,1,0],[-1,-1,0,1,0,0,1,0],[0,0,0,0,0,0,1,0],[0,0,0,0,0,0,0,1]];
w39:=[[0,1,0,0,0,0,-1,1],[0,1,0,0,0,0,0,0],[-1,1,1,0,0,0,-1,1],[-1,1,0,1,0,0,-1,1],[-1,1,0,0,1,0,-1,1],[-1,1,0,0,0,1,-1,1],[-1,1,0,0,0,0,0,1],[0,0,0,0,0,0,0,1]];
w40:=[[1,0,0,0,0,0,0,0],[1,1,0,-1,1,-1,1,0],[1,0,1,-1,1,-1,1,0],[2,0,0,-1,2,-2,2,0],[1,0,0,-1,2,-1,1,0],[1,0,0,-1,1,0,1,0],[0,0,0,0,0,0,1,0],[0,0,0,0,0,0,0,1]];
w41:=[[1,0,0,0,0,0,0,0],[1,0,-1,1,0,0,-1,1],[1,-1,0,1,0,0,-1,1],[1,-1,-1,2,0,0,-1,1],[1,-1,-1,1,1,0,-1,1],[1,-1,-1,1,0,1,-1,1],[1,-1,-1,1,0,0,0,1],[0,0,0,0,0,0,0,1]];
w42:=[[1,0,0,0,0,0,0,0],[0,0,1,0,0,0,0,-1],[0,0,1,0,0,0,0,0],[0,-1,1,1,0,0,0,-1],[0,-1,1,0,1,0,0,-1],[0,-1,1,0,0,1,0,-1],[0,-1,1,0,0,0,1,-1],[0,-1,1,0,0,0,0,0]];
w43:=[[1,0,0,0,0,0,0,0],[0,1,0,0,0,0,0,0],[1,1,0,0,0,0,0,-1],[1,1,-1,1,0,0,0,-1],[1,1,-1,0,1,0,0,-1],[1,1,-1,0,0,1,0,-1],[1,1,-1,0,0,0,1,-1],[1,1,-1,0,0,0,0,0]];
w44:=[[1,0,-1,0,0,1,0,0],[0,1,-1,0,0,1,0,0],[0,0,-1,0,0,2,0,0],[0,0,-2,1,0,2,0,0],[0,0,-1,0,1,1,0,0],[0,0,0,0,0,1,0,0],[0,0,0,0,0,0,1,0],[0,0,0,0,0,0,0,1]];
w45:=[[0,0,1,-1,1,-1,1,0],[-1,1,1,-1,1,-1,1,0],[-1,0,2,-1,1,-1,1,0],[-2,0,2,-1,2,-2,2,0],[-1,0,1,-1,2,-1,1,0],[-1,0,1,-1,1,0,1,0],[0,0,0,0,0,0,1,0],[0,0,0,0,0,0,0,1]];
w46:=[[0,-1,0,1,0,0,-1,1],[-1,0,0,1,0,0,-1,1],[-1,-1,1,1,0,0,-1,1],[-1,-1,0,2,0,0,-1,1],[-1,-1,0,1,1,0,-1,1],[-1,-1,0,1,0,1,-1,1],[-1,-1,0,1,0,0,0,1],[0,0,0,0,0,0,0,1]];
w47:=[[0,1,0,0,0,0,0,-1],[0,1,0,0,0,0,0,0],[-1,1,1,0,0,0,0,-1],[-1,1,0,1,0,0,0,-1],[-1,1,0,0,1,0,0,-1],[-1,1,0,0,0,1,0,-1],[-1,1,0,0,0,0,1,-1],[-1,1,0,0,0,0,0,0]];
w48:=[[1,0,0,0,0,0,0,0],[1,1,0,0,-1,0,1,0],[1,0,1,0,-1,0,1,0],[2,0,0,1,-2,0,2,0],[2,0,0,0,-1,0,2,0],[1,0,0,0,-1,1,1,0],[0,0,0,0,0,0,1,0],[0,0,0,0,0,0,0,1]];
w49:=[[1,0,0,0,0,0,0,0],[1,1,0,-1,1,0,-1,1],[1,0,1,-1,1,0,-1,1],[2,0,0,-1,2,0,-2,2],[1,0,0,-1,2,0,-1,1],[1,0,0,-1,1,1,-1,1],[1,0,0,-1,1,0,0,1],[0,0,0,0,0,0,0,1]];
w50:=[[1,0,0,0,0,0,0,0],[1,0,-1,1,0,0,0,-1],[1,-1,0,1,0,0,0,-1],[1,-1,-1,2,0,0,0,-1],[1,-1,-1,1,1,0,0,-1],[1,-1,-1,1,0,1,0,-1],[1,-1,-1,1,0,0,1,-1],[1,-1,-1,1,0,0,0,0]];
w51:=[[1,0,-1,0,1,-1,1,0],[0,1,-1,0,1,-1,1,0],[0,0,-1,0,2,-2,2,0],[0,0,-2,1,2,-2,2,0],[0,0,-1,0,2,-1,1,0],[0,0,-1,0,1,0,1,0],[0,0,0,0,0,0,1,0],[0,0,0,0,0,0,0,1]];
w52:=[[0,0,1,0,-1,0,1,0],[-1,1,1,0,-1,0,1,0],[-1,0,2,0,-1,0,1,0],[-2,0,2,1,-2,0,2,0],[-2,0,2,0,-1,0,2,0],[-1,0,1,0,-1,1,1,0],[0,0,0,0,0,0,1,0],[0,0,0,0,0,0,0,1]];
w53:=[[0,0,1,-1,1,0,-1,1],[-1,1,1,-1,1,0,-1,1],[-1,0,2,-1,1,0,-1,1],[-2,0,2,-1,2,0,-2,2],[-1,0,1,-1,2,0,-1,1],[-1,0,1,-1,1,1,-1,1],[-1,0,1,-1,1,0,0,1],[0,0,0,0,0,0,0,1]];
w54:=[[0,-1,0,1,0,0,0,-1],[-1,0,0,1,0,0,0,-1],[-1,-1,1,1,0,0,0,-1],[-1,-1,0,2,0,0,0,-1],[-1,-1,0,1,1,0,0,-1],[-1,-1,0,1,0,1,0,-1],[-1,-1,0,1,0,0,1,-1],[-1,-1,0,1,0,0,0,0]];
w55:=[[1,0,0,0,0,0,0,0],[1,1,0,0,-1,1,-1,1],[1,0,1,0,-1,1,-1,1],[2,0,0,1,-2,2,-2,2],[2,0,0,0,-1,2,-2,2],[1,0,0,0,-1,2,-1,1],[1,0,0,0,-1,1,0,1],[0,0,0,0,0,0,0,1]];
w56:=[[1,0,0,0,0,0,0,0],[1,1,0,-1,1,0,0,-1],[1,0,1,-1,1,0,0,-1],[2,0,0,-1,2,0,0,-2],[1,0,0,-1,2,0,0,-1],[1,0,0,-1,1,1,0,-1],[1,0,0,-1,1,0,1,-1],[1,0,0,-1,1,0,0,0]];
w57:=[[1,0,-1,1,-1,0,1,0],[0,1,-1,1,-1,0,1,0],[0,0,-1,2,-2,0,2,0],[0,0,-2,3,-2,0,2,0],[0,0,-2,2,-1,0,2,0],[0,0,-1,1,-1,1,1,0],[0,0,0,0,0,0,1,0],[0,0,0,0,0,0,0,1]];
w58:=[[1,0,-1,0,1,0,-1,1],[0,1,-1,0,1,0,-1,1],[0,0,-1,0,2,0,-2,2],[0,0,-2,1,2,0,-2,2],[0,0,-1,0,2,0,-1,1],[0,0,-1,0,1,1,-1,1],[0,0,-1,0,1,0,0,1],[0,0,0,0,0,0,0,1]];
w59:=[[0,0,1,0,-1,1,-1,1],[-1,1,1,0,-1,1,-1,1],[-1,0,2,0,-1,1,-1,1],[-2,0,2,1,-2,2,-2,2],[-2,0,2,0,-1,2,-2,2],[-1,0,1,0,-1,2,-1,1],[-1,0,1,0,-1,1,0,1],[0,0,0,0,0,0,0,1]];
w60:=[[0,0,1,-1,1,0,0,-1],[-1,1,1,-1,1,0,0,-1],[-1,0,2,-1,1,0,0,-1],[-2,0,2,-1,2,0,0,-2],[-1,0,1,-1,2,0,0,-1],[-1,0,1,-1,1,1,0,-1],[-1,0,1,-1,1,0,1,-1],[-1,0,1,-1,1,0,0,0]];
w61:=[[1,0,0,0,0,0,0,0],[1,1,0,0,0,-1,0,1],[1,0,1,0,0,-1,0,1],[2,0,0,1,0,-2,0,2],[2,0,0,0,1,-2,0,2],[2,0,0,0,0,-1,0,2],[1,0,0,0,0,-1,1,1],[0,0,0,0,0,0,0,1]];
w62:=[[1,0,0,0,0,0,0,0],[1,1,0,0,-1,1,0,-1],[1,0,1,0,-1,1,0,-1],[2,0,0,1,-2,2,0,-2],[2,0,0,0,-1,2,0,-2],[1,0,0,0,-1,2,0,-1],[1,0,0,0,-1,1,1,-1],[1,0,0,0,-1,1,0,0]];
w63:=[[1,1,0,-1,0,0,1,0],[0,2,0,-1,0,0,1,0],[0,2,1,-2,0,0,2,0],[0,3,0,-2,0,0,3,0],[0,2,0,-2,1,0,2,0],[0,1,0,-1,0,1,1,0],[0,0,0,0,0,0,1,0],[0,0,0,0,0,0,0,1]];
w64:=[[1,0,-1,1,-1,1,-1,1],[0,1,-1,1,-1,1,-1,1],[0,0,-1,2,-2,2,-2,2],[0,0,-2,3,-2,2,-2,2],[0,0,-2,2,-1,2,-2,2],[0,0,-1,1,-1,2,-1,1],[0,0,-1,1,-1,1,0,1],[0,0,0,0,0,0,0,1]];
w65:=[[1,0,-1,0,1,0,0,-1],[0,1,-1,0,1,0,0,-1],[0,0,-1,0,2,0,0,-2],[0,0,-2,1,2,0,0,-2],[0,0,-1,0,2,0,0,-1],[0,0,-1,0,1,1,0,-1],[0,0,-1,0,1,0,1,-1],[0,0,-1,0,1,0,0,0]];
w66:=[[0,0,1,0,0,-1,0,1],[-1,1,1,0,0,-1,0,1],[-1,0,2,0,0,-1,0,1],[-2,0,2,1,0,-2,0,2],[-2,0,2,0,1,-2,0,2],[-2,0,2,0,0,-1,0,2],[-1,0,1,0,0,-1,1,1],[0,0,0,0,0,0,0,1]];
w67:=[[0,0,1,0,-1,1,0,-1],[-1,1,1,0,-1,1,0,-1],[-1,0,2,0,-1,1,0,-1],[-2,0,2,1,-2,2,0,-2],[-2,0,2,0,-1,2,0,-2],[-1,0,1,0,-1,2,0,-1],[-1,0,1,0,-1,1,1,-1],[-1,0,1,0,-1,1,0,0]];
w68:=[[1,0,0,0,0,0,0,0],[1,1,0,0,0,-1,1,-1],[1,0,1,0,0,-1,1,-1],[2,0,0,1,0,-2,2,-2],[2,0,0,0,1,-2,2,-2],[2,0,0,0,0,-1,2,-2],[1,0,0,0,0,-1,2,-1],[1,0,0,0,0,-1,1,0]];
w69:=[[1,-1,0,0,0,0,1,0],[0,-1,0,0,0,0,2,0],[0,-2,1,0,0,0,2,0],[0,-3,0,1,0,0,3,0],[0,-2,0,0,1,0,2,0],[0,-1,0,0,0,1,1,0],[0,0,0,0,0,0,1,0],[0,0,0,0,0,0,0,1]];
w70:=[[1,1,0,-1,0,1,-1,1],[0,2,0,-1,0,1,-1,1],[0,2,1,-2,0,2,-2,2],[0,3,0,-2,0,3,-3,3],[0,2,0,-2,1,2,-2,2],[0,1,0,-1,0,2,-1,1],[0,1,0,-1,0,1,0,1],[0,0,0,0,0,0,0,1]];
w71:=[[1,0,-1,1,0,-1,0,1],[0,1,-1,1,0,-1,0,1],[0,0,-1,2,0,-2,0,2],[0,0,-2,3,0,-2,0,2],[0,0,-2,2,1,-2,0,2],[0,0,-2,2,0,-1,0,2],[0,0,-1,1,0,-1,1,1],[0,0,0,0,0,0,0,1]];
w72:=[[1,0,-1,1,-1,1,0,-1],[0,1,-1,1,-1,1,0,-1],[0,0,-1,2,-2,2,0,-2],[0,0,-2,3,-2,2,0,-2],[0,0,-2,2,-1,2,0,-2],[0,0,-1,1,-1,2,0,-1],[0,0,-1,1,-1,1,1,-1],[0,0,-1,1,-1,1,0,0]];
w73:=[[0,0,1,0,0,-1,1,-1],[-1,1,1,0,0,-1,1,-1],[-1,0,2,0,0,-1,1,-1],[-2,0,2,1,0,-2,2,-2],[-2,0,2,0,1,-2,2,-2],[-2,0,2,0,0,-1,2,-2],[-1,0,1,0,0,-1,2,-1],[-1,0,1,0,0,-1,1,0]];
w74:=[[1,0,0,0,0,0,0,0],[1,1,0,0,0,0,-1,0],[1,0,1,0,0,0,-1,0],[2,0,0,1,0,0,-2,0],[2,0,0,0,1,0,-2,0],[2,0,0,0,0,1,-2,0],[2,0,0,0,0,0,-1,0],[1,0,0,0,0,0,-1,1]];
w75:=[[1,-1,0,0,0,1,-1,1],[0,-1,0,0,0,2,-2,2],[0,-2,1,0,0,2,-2,2],[0,-3,0,1,0,3,-3,3],[0,-2,0,0,1,2,-2,2],[0,-1,0,0,0,2,-1,1],[0,-1,0,0,0,1,0,1],[0,0,0,0,0,0,0,1]];
w76:=[[1,1,0,-1,1,-1,0,1],[0,2,0,-1,1,-1,0,1],[0,2,1,-2,2,-2,0,2],[0,3,0,-2,3,-3,0,3],[0,2,0,-2,3,-2,0,2],[0,2,0,-2,2,-1,0,2],[0,1,0,-1,1,-1,1,1],[0,0,0,0,0,0,0,1]];
w77:=[[1,1,0,-1,0,1,0,-1],[0,2,0,-1,0,1,0,-1],[0,2,1,-2,0,2,0,-2],[0,3,0,-2,0,3,0,-3],[0,2,0,-2,1,2,0,-2],[0,1,0,-1,0,2,0,-1],[0,1,0,-1,0,1,1,-1],[0,1,0,-1,0,1,0,0]];
w78:=[[1,0,-1,1,0,-1,1,-1],[0,1,-1,1,0,-1,1,-1],[0,0,-1,2,0,-2,2,-2],[0,0,-2,3,0,-2,2,-2],[0,0,-2,2,1,-2,2,-2],[0,0,-2,2,0,-1,2,-2],[0,0,-1,1,0,-1,2,-1],[0,0,-1,1,0,-1,1,0]];
w79:=[[0,0,1,0,0,0,-1,0],[-1,1,1,0,0,0,-1,0],[-1,0,2,0,0,0,-1,0],[-2,0,2,1,0,0,-2,0],[-2,0,2,0,1,0,-2,0],[-2,0,2,0,0,1,-2,0],[-2,0,2,0,0,0,-1,0],[-1,0,1,0,0,0,-1,1]];
w80:=[[1,-1,0,0,1,-1,0,1],[0,-1,0,0,2,-2,0,2],[0,-2,1,0,2,-2,0,2],[0,-3,0,1,3,-3,0,3],[0,-2,0,0,3,-2,0,2],[0,-2,0,0,2,-1,0,2],[0,-1,0,0,1,-1,1,1],[0,0,0,0,0,0,0,1]];
w81:=[[1,-1,0,0,0,1,0,-1],[0,-1,0,0,0,2,0,-2],[0,-2,1,0,0,2,0,-2],[0,-3,0,1,0,3,0,-3],[0,-2,0,0,1,2,0,-2],[0,-1,0,0,0,2,0,-1],[0,-1,0,0,0,1,1,-1],[0,-1,0,0,0,1,0,0]];
w82:=[[1,1,0,0,-1,0,0,1],[0,2,0,0,-1,0,0,1],[0,2,1,0,-2,0,0,2],[0,3,0,1,-3,0,0,3],[0,3,0,0,-2,0,0,3],[0,2,0,0,-2,1,0,2],[0,1,0,0,-1,0,1,1],[0,0,0,0,0,0,0,1]];
w83:=[[1,1,0,-1,1,-1,1,-1],[0,2,0,-1,1,-1,1,-1],[0,2,1,-2,2,-2,2,-2],[0,3,0,-2,3,-3,3,-3],[0,2,0,-2,3,-2,2,-2],[0,2,0,-2,2,-1,2,-2],[0,1,0,-1,1,-1,2,-1],[0,1,0,-1,1,-1,1,0]];
w84:=[[1,0,-1,1,0,0,-1,0],[0,1,-1,1,0,0,-1,0],[0,0,-1,2,0,0,-2,0],[0,0,-2,3,0,0,-2,0],[0,0,-2,2,1,0,-2,0],[0,0,-2,2,0,1,-2,0],[0,0,-2,2,0,0,-1,0],[0,0,-1,1,0,0,-1,1]];
w85:=[[1,-1,0,1,-1,0,0,1],[0,-1,0,2,-2,0,0,2],[0,-2,1,2,-2,0,0,2],[0,-3,0,4,-3,0,0,3],[0,-3,0,3,-2,0,0,3],[0,-2,0,2,-2,1,0,2],[0,-1,0,1,-1,0,1,1],[0,0,0,0,0,0,0,1]];
w86:=[[1,-1,0,0,1,-1,1,-1],[0,-1,0,0,2,-2,2,-2],[0,-2,1,0,2,-2,2,-2],[0,-3,0,1,3,-3,3,-3],[0,-2,0,0,3,-2,2,-2],[0,-2,0,0,2,-1,2,-2],[0,-1,0,0,1,-1,2,-1],[0,-1,0,0,1,-1,1,0]];
w87:=[[1,1,0,0,-1,0,1,-1],[0,2,0,0,-1,0,1,-1],[0,2,1,0,-2,0,2,-2],[0,3,0,1,-3,0,3,-3],[0,3,0,0,-2,0,3,-3],[0,2,0,0,-2,1,2,-2],[0,1,0,0,-1,0,2,-1],[0,1,0,0,-1,0,1,0]];
w88:=[[1,1,0,-1,1,0,-1,0],[0,2,0,-1,1,0,-1,0],[0,2,1,-2,2,0,-2,0],[0,3,0,-2,3,0,-3,0],[0,2,0,-2,3,0,-2,0],[0,2,0,-2,2,1,-2,0],[0,2,0,-2,2,0,-1,0],[0,1,0,-1,1,0,-1,1]];
w89:=[[1,0,1,-1,0,0,0,1],[0,1,2,-2,0,0,0,2],[0,0,3,-2,0,0,0,2],[0,0,4,-3,0,0,0,4],[0,0,3,-3,1,0,0,3],[0,0,2,-2,0,1,0,2],[0,0,1,-1,0,0,1,1],[0,0,0,0,0,0,0,1]];
w90:=[[1,-1,0,1,-1,0,1,-1],[0,-1,0,2,-2,0,2,-2],[0,-2,1,2,-2,0,2,-2],[0,-3,0,4,-3,0,3,-3],[0,-3,0,3,-2,0,3,-3],[0,-2,0,2,-2,1,2,-2],[0,-1,0,1,-1,0,2,-1],[0,-1,0,1,-1,0,1,0]];
w91:=[[1,-1,0,0,1,0,-1,0],[0,-1,0,0,2,0,-2,0],[0,-2,1,0,2,0,-2,0],[0,-3,0,1,3,0,-3,0],[0,-2,0,0,3,0,-2,0],[0,-2,0,0,2,1,-2,0],[0,-2,0,0,2,0,-1,0],[0,-1,0,0,1,0,-1,1]];
w92:=[[1,1,0,0,-1,1,-1,0],[0,2,0,0,-1,1,-1,0],[0,2,1,0,-2,2,-2,0],[0,3,0,1,-3,3,-3,0],[0,3,0,0,-2,3,-3,0],[0,2,0,0,-2,3,-2,0],[0,2,0,0,-2,2,-1,0],[0,1,0,0,-1,1,-1,1]];
w93:=[[2,0,-1,0,0,0,0,1],[2,1,-2,0,0,0,0,2],[3,0,-2,0,0,0,0,3],[4,0,-4,1,0,0,0,4],[3,0,-3,0,1,0,0,3],[2,0,-2,0,0,1,0,2],[1,0,-1,0,0,0,1,1],[0,0,0,0,0,0,0,1]];
w94:=[[1,0,1,-1,0,0,1,-1],[0,1,2,-2,0,0,2,-2],[0,0,3,-2,0,0,2,-2],[0,0,4,-3,0,0,4,-4],[0,0,3,-3,1,0,3,-3],[0,0,2,-2,0,1,2,-2],[0,0,1,-1,0,0,2,-1],[0,0,1,-1,0,0,1,0]];
w95:=[[1,-1,0,1,-1,1,-1,0],[0,-1,0,2,-2,2,-2,0],[0,-2,1,2,-2,2,-2,0],[0,-3,0,4,-3,3,-3,0],[0,-3,0,3,-2,3,-3,0],[0,-2,0,2,-2,3,-2,0],[0,-2,0,2,-2,2,-1,0],[0,-1,0,1,-1,1,-1,1]];
w96:=[[1,1,0,0,0,-1,0,0],[0,2,0,0,0,-1,0,0],[0,2,1,0,0,-2,0,0],[0,3,0,1,0,-3,0,0],[0,3,0,0,1,-3,0,0],[0,3,0,0,0,-2,0,0],[0,2,0,0,0,-2,1,0],[0,1,0,0,0,-1,0,1]];
w97:=[[-1,0,0,0,0,0,0,2],[-2,1,0,0,0,0,0,2],[-3,0,1,0,0,0,0,3],[-4,0,0,1,0,0,0,4],[-3,0,0,0,1,0,0,3],[-2,0,0,0,0,1,0,2],[-1,0,0,0,0,0,1,1],[0,0,0,0,0,0,0,1]];
w98:=[[2,0,-1,0,0,0,1,-1],[2,1,-2,0,0,0,2,-2],[3,0,-2,0,0,0,3,-3],[4,0,-4,1,0,0,4,-4],[3,0,-3,0,1,0,3,-3],[2,0,-2,0,0,1,2,-2],[1,0,-1,0,0,0,2,-1],[1,0,-1,0,0,0,1,0]];
w99:=[[1,0,1,-1,0,1,-1,0],[0,1,2,-2,0,2,-2,0],[0,0,3,-2,0,2,-2,0],[0,0,4,-3,0,4,-4,0],[0,0,3,-3,1,3,-3,0],[0,0,2,-2,0,3,-2,0],[0,0,2,-2,0,2,-1,0],[0,0,1,-1,0,1,-1,1]];
w100:=[[1,-1,0,1,0,-1,0,0],[0,-1,0,2,0,-2,0,0],[0,-2,1,2,0,-2,0,0],[0,-3,0,4,0,-3,0,0],[0,-3,0,3,1,-3,0,0],[0,-3,0,3,0,-2,0,0],[0,-2,0,2,0,-2,1,0],[0,-1,0,1,0,-1,0,1]];
w101:=[[-1,0,0,0,0,0,2,-2],[-2,1,0,0,0,0,2,-2],[-3,0,1,0,0,0,3,-3],[-4,0,0,1,0,0,4,-4],[-3,0,0,0,1,0,3,-3],[-2,0,0,0,0,1,2,-2],[-1,0,0,0,0,0,2,-1],[-1,0,0,0,0,0,1,0]];
w102:=[[2,0,-1,0,0,1,-1,0],[2,1,-2,0,0,2,-2,0],[3,0,-2,0,0,3,-3,0],[4,0,-4,1,0,4,-4,0],[3,0,-3,0,1,3,-3,0],[2,0,-2,0,0,3,-2,0],[2,0,-2,0,0,2,-1,0],[1,0,-1,0,0,1,-1,1]];
w103:=[[1,0,1,-1,1,-1,0,0],[0,1,2,-2,2,-2,0,0],[0,0,3,-2,2,-2,0,0],[0,0,4,-3,4,-4,0,0],[0,0,3,-3,4,-3,0,0],[0,0,3,-3,3,-2,0,0],[0,0,2,-2,2,-2,1,0],[0,0,1,-1,1,-1,0,1]];
w104:=[[-1,0,0,0,0,2,-2,0],[-2,1,0,0,0,2,-2,0],[-3,0,1,0,0,3,-3,0],[-4,0,0,1,0,4,-4,0],[-3,0,0,0,1,3,-3,0],[-2,0,0,0,0,3,-2,0],[-2,0,0,0,0,2,-1,0],[-1,0,0,0,0,1,-1,1]];
w105:=[[2,0,-1,0,1,-1,0,0],[2,1,-2,0,2,-2,0,0],[3,0,-2,0,3,-3,0,0],[4,0,-4,1,4,-4,0,0],[3,0,-3,0,4,-3,0,0],[3,0,-3,0,3,-2,0,0],[2,0,-2,0,2,-2,1,0],[1,0,-1,0,1,-1,0,1]];
w106:=[[1,0,1,0,-1,0,0,0],[0,1,2,0,-2,0,0,0],[0,0,3,0,-2,0,0,0],[0,0,4,1,-4,0,0,0],[0,0,4,0,-3,0,0,0],[0,0,3,0,-3,1,0,0],[0,0,2,0,-2,0,1,0],[0,0,1,0,-1,0,0,1]];
w107:=[[-1,0,0,0,2,-2,0,0],[-2,1,0,0,2,-2,0,0],[-3,0,1,0,3,-3,0,0],[-4,0,0,1,4,-4,0,0],[-3,0,0,0,4,-3,0,0],[-3,0,0,0,3,-2,0,0],[-2,0,0,0,2,-2,1,0],[-1,0,0,0,1,-1,0,1]];
w108:=[[2,0,-1,1,-1,0,0,0],[2,1,-2,2,-2,0,0,0],[3,0,-2,3,-3,0,0,0],[4,0,-4,5,-4,0,0,0],[4,0,-4,4,-3,0,0,0],[3,0,-3,3,-3,1,0,0],[2,0,-2,2,-2,0,1,0],[1,0,-1,1,-1,0,0,1]];
w109:=[[-1,0,0,2,-2,0,0,0],[-2,1,0,2,-2,0,0,0],[-3,0,1,3,-3,0,0,0],[-4,0,0,5,-4,0,0,0],[-4,0,0,4,-3,0,0,0],[-3,0,0,3,-3,1,0,0],[-2,0,0,2,-2,0,1,0],[-1,0,0,1,-1,0,0,1]];
w110:=[[2,1,0,-1,0,0,0,0],[2,3,0,-2,0,0,0,0],[3,3,1,-3,0,0,0,0],[5,5,0,-4,0,0,0,0],[4,4,0,-4,1,0,0,0],[3,3,0,-3,0,1,0,0],[2,2,0,-2,0,0,1,0],[1,1,0,-1,0,0,0,1]];
w111:=[[-1,2,2,-2,0,0,0,0],[-2,3,2,-2,0,0,0,0],[-3,3,4,-3,0,0,0,0],[-5,5,5,-4,0,0,0,0],[-4,4,4,-4,1,0,0,0],[-3,3,3,-3,0,1,0,0],[-2,2,2,-2,0,0,1,0],[-1,1,1,-1,0,0,0,1]];
w112:=[[2,-1,0,0,0,0,0,0],[3,-2,0,0,0,0,0,0],[3,-3,1,0,0,0,0,0],[5,-5,0,1,0,0,0,0],[4,-4,0,0,1,0,0,0],[3,-3,0,0,0,1,0,0],[2,-2,0,0,0,0,1,0],[1,-1,0,0,0,0,0,1]];
w113:=[[-1,-2,2,0,0,0,0,0],[-3,-2,3,0,0,0,0,0],[-3,-3,4,0,0,0,0,0],[-5,-5,5,1,0,0,0,0],[-4,-4,4,0,1,0,0,0],[-3,-3,3,0,0,1,0,0],[-2,-2,2,0,0,0,1,0],[-1,-1,1,0,0,0,0,1]];
w114:=[[1,2,-2,0,0,0,0,0],[0,3,-2,0,0,0,0,0],[0,4,-3,0,0,0,0,0],[0,5,-5,1,0,0,0,0],[0,4,-4,0,1,0,0,0],[0,3,-3,0,0,1,0,0],[0,2,-2,0,0,0,1,0],[0,1,-1,0,0,0,0,1]];
w115:=[[1,-2,-2,2,0,0,0,0],[0,-2,-3,3,0,0,0,0],[0,-4,-3,4,0,0,0,0],[0,-5,-5,6,0,0,0,0],[0,-4,-4,4,1,0,0,0],[0,-3,-3,3,0,1,0,0],[0,-2,-2,2,0,0,1,0],[0,-1,-1,1,0,0,0,1]];
w116:=[[1,0,0,-2,2,0,0,0],[0,1,0,-3,3,0,0,0],[0,0,1,-4,4,0,0,0],[0,0,0,-5,6,0,0,0],[0,0,0,-4,5,0,0,0],[0,0,0,-3,3,1,0,0],[0,0,0,-2,2,0,1,0],[0,0,0,-1,1,0,0,1]];
w117:=[[1,0,0,0,-2,2,0,0],[0,1,0,0,-3,3,0,0],[0,0,1,0,-4,4,0,0],[0,0,0,1,-6,6,0,0],[0,0,0,0,-4,5,0,0],[0,0,0,0,-3,4,0,0],[0,0,0,0,-2,2,1,0],[0,0,0,0,-1,1,0,1]];
w118:=[[1,0,0,0,0,-2,2,0],[0,1,0,0,0,-3,3,0],[0,0,1,0,0,-4,4,0],[0,0,0,1,0,-6,6,0],[0,0,0,0,1,-5,5,0],[0,0,0,0,0,-3,4,0],[0,0,0,0,0,-2,3,0],[0,0,0,0,0,-1,1,1]];
w119:=[[1,0,0,0,0,0,-2,2],[0,1,0,0,0,0,-3,3],[0,0,1,0,0,0,-4,4],[0,0,0,1,0,0,-6,6],[0,0,0,0,1,0,-5,5],[0,0,0,0,0,1,-4,4],[0,0,0,0,0,0,-2,3],[0,0,0,0,0,0,-1,2]];
w120:=[[1,0,0,0,0,0,0,-2],[0,1,0,0,0,0,0,-3],[0,0,1,0,0,0,0,-4],[0,0,0,1,0,0,0,-6],[0,0,0,0,1,0,0,-5],[0,0,0,0,0,1,0,-4],[0,0,0,0,0,0,1,-3],[0,0,0,0,0,0,0,-1]];

W:=Group(w1,w2,w3,w4,w5,w6,w7,w8);
w:=[w1,w2,w3,w4,w5,w6,w7,w8,w9,w10,w11,w12,w13,w14,w15,w16,w17,w18,w19,w20,w21,w22,w23,w24,w25,w26,w27,w28,w29,w30,w31,w32,w33,w34,w35,w36,w37,w38,w39,w40,w41,w42,w43,w44,w45,w46,w47,w48,w49,w50,w51,w52,w53,w54,w55,w56,w57,w58,w59,w60,w61,w62,w63,w64,w65,w66,w67,w68,w69,w70,w71,w72,w73,w74,w75,w76,w77,w78,w79,w80,w81,w82,w83,w84,w85,w86,w87,w88,w89,w90,w91,w92,w93,w94,w95,w96,w97,w98,w99,w100,w101,w102,w103,w104,w105,w106,w107,w108,w109,w110,w111,w112,w113,w114,w115,w116,w117,w118,w119,w120];

### skip futher commands if you want to work with matrices
### 

iso:=IsomorphismPermGroup(W);;
W:=Image(iso, W);;
v:=[];;
for i in w do
    Add(v, i^iso);;
od;
w:=[];;
for i in v do
    Add(w, i);;
od;

